  1.216 -0.021 -1.381  0.598  0.598 -1.010
 -0.021  0.227 -0.392  0.103  0.103 -0.021
 -1.381 -0.392  2.701 -1.258 -1.258  1.588
  0.598  0.103 -1.258  0.722  0.722 -0.887
  0.598  0.103 -1.258  0.722  0.722 -0.887
 -1.010 -0.021  1.588 -0.887 -0.887  1.216
