  0.832 -0.062 -0.733  0.311  0.311 -0.658
 -0.062  0.385 -0.286 -0.137 -0.137  0.236
 -0.733 -0.286  1.727 -0.807 -0.807  0.907
  0.311 -0.137 -0.807  0.683  0.683 -0.733
  0.311 -0.137 -0.807  0.683  0.683 -0.733
 -0.658  0.236  0.907 -0.733 -0.733  0.981
